2727
2745
2747
2754
2808
3023
3029
3033
3076
3079
3082
3090
3091
3102
3106
3107
3108
3109
3462
3498
3537
3563
3564
3612
3618
3624
3627
3641
3642
3648
3649
3663
3690
3734
3735
3736
3915
3935
3940
3942
3948
4048
4050
4051
4052
4055
4058
4059
4062
4063
4064
4066
4273
4274
4275
4276
4277
4278
4279
4481
4482
4483
4484
4485
4486
4487
4551
4552
4553
4554
4555
4556
4557
4745
4754
4759
4761
4762
4931
4932
4933
4998
5003
5004
5005
5069
5487
5599
5602
5750
5917
5919
6029
6030
6116
6125
6135
6154
6467
6468
6469
6470
6471
6566
6567
6573
6575
6576
6577
6642
6643
6654
6672
6713
6719
6750
6752
6784
6886
6889
6983
6992
7054
7056
7060
7101
7102
7145
7158
7232
7233
7350
7351
7352
7353
7354
7355
7356
7365
7620
7621
7622
7623
7625
7626
7771
7823
7824
7825
7826
7903
7905
7906
7907
7922
7924
7925
7926
7927
7995
8025
8031
8036
8065
8298
8313
8316
8351
8352
8357
8358
8359
8577
8578
8581
8583
8584
8597
8599
8600
8601
8930
8931
8933
8934
8946
8948
8949
8950
8987
8988
8990
8991
8992
8995
9014
9070
9073
9087
9149
9150
9152
9153
9168
9183
9520
9569
9608
9609
9611
9930
9933
9948
9970
9974
9975
9978
10049
10050
10052
10202
10216
10217
10248
10593
10596
10665
10671
10931
11033
11039
11040
11041
11161
11162
11163
11164
11165
11167
11325
11326
11327
11328
11329
11604
11607
11777
11778
11779
11780
11781
11974
11989
11991
11992
11993
11994
11995
11996
11997
11998
11999
12001
12002
12003
12092
12093
12095
12341
12343
12455
12492
12493
12494
12496
12504
12505
12506
12507
12509
12510
12511
12512
12514
12571
12655
12660
12800
12802
12808
12815
12818
13016
13027
13028
13036
13038
13039
13054
13060
13210
13213
13310
13311
13344
13377
13378
13490
13492
13493
13495
13498
13500
13639
13691
13698
13699
13767
13804
13859
13869
13889
13908
13918
13926
14054
14095
14119
14126
14132
14251
14252
14254
14258
14279
14280
14512
14586
14588
14593
14594
14601
14603
14667
14672
14715
14717
14726
14727
14728
14777
14788
14792
14796
14800
14803
14811
14817
14851
14945
14946
14948
15001
15031
15045
15051
15079
15084
15109
15132
15134
15142
15143
15144
15188
15190
15191
15192
15276
15282
15295
15297
15474
15475
15476
15477
15593
15594
15595
15679
15935
15936
15937
15948
15949
15978
15979
15980
15981
16063
16067
16072
16073
16123
16124
16125
16294
16340
16450
16451
16452
16467
16474
16475
16480
16484
16494
16573
16574
16575
16576
16625
16630
16640
16650
16660
16677
16684
16685
16686
16738
16784
16790
16791
16999
17000
17001
17002
17003
17241
17263
17264
17266
17267
17375
17381
17382
17387
17389
17391
17409
17411
17452
17530
17552
17559
17584
17586
17587
17683
17685
17686
17702
17777
17780
17899
17904
17905
17911
17912
17946
17965
18157
18158
18160
18296
18302
18303
18304
18531
18565
18568
18587
18589
18590
18632
18634
18636
18637
18643
18646
18661
18662
18663
18737
18738
18739
18740
18741
18966
18975
18985
18998
18999
19000
19220
19246
19247
19248
19249
19385
19626
19629
19631
19634
19645
19650
19786
19902
19903
19904
19906
19988
19989
19990
19991
20001
20005
20018
20019
20020
20021
20075
20076
20078
20079
20123
20195
20212
20243
20246
20247
20257
20258
20259
21102
21125
21834
21835
21836
21837
21839
21935
21951
22001
22015
22021
22026
22038
22040
22051
22052
22099
22146
22181
22182
22292
22297
22305
22310
22399
22431
22432
22434
22637
22639
22866
22897
23163
23164
23165
23166
23167
23325
23326
23327
23328
23329
23702
23706
23770
23771
23793
23804
23816
24120
24121
24122
24123
24124
24125
24723
24766
24767
24953
24954
24956
24957
24962
24963
24964
24966
24977
24978
24979
24980
24981
25078
25114
25115
25118
25119
25152
25206
25208
25209
25210
25211
25245
25251
25275
25294
25343
25463
25467
25469
25626
25628
25629
25633
25634
25635
26051
26058
26060
26061
26072
26073
26075
26077
26081
26082
26085
26287
26300
26302
26333
26334
26343
26344
26350
26351
26352
26369
26385
26388
26392
26710
26711
26712
26722
26723
26724
26725
26726
26966
26998
27023
27024
27045
27046
27070
27076
27079
27087
27088
27093
27094
27097
27098
27099
27100
27101
27103
27104
27105
27106
27107
27109
27110
27112
27116
27119
27122
27123
27124
27125
27126
27153
27163
27191
27346
27386
27387
27388
27389
27422
27424
27468
27469
27470
27492
27510
27511
27514
27518
27521
27648
27649
27650
27652
27655
27723
27790
27811
27924
27935
27959
28068
28070
28126
28130
28145
28147
28191
28563
28564
28567
28568
28570
28583
28604
28621
28696
28701
28780
28805
28807
28808
28809
28815
28817
28818
28819
28846
28849
28862
28863
28891
28892
28898
28899
29033
29211
29227
29228
29246
29519
29536
29557
29593
29594
29618
29619
29620
29679
29681
29698
29707
29819
29916
29918
30007
30148
30149
30226
30228
30229
30370
30503
30576
30577
30579
30622
30623
30624
30626
30627
30629
30630
30632
30719
30745
30781
30824
30872
30873
30874
30887
30894
30906
30907
30931
31141
31142
31143
31144
31145
31146
31147
31151
31221
31222
31262
31263
31330
31450
31451
31458
31460
31465
31467
31468
31470
31471
31476
31478
31479
31507
31536
31728
31749
31750
31873
31874
31876
31877
31899
31900
31902
31903
31947
32024
32026
32169
32170
32171
32208
32229
32230
32231
32253
32254
32255
32258
32259
32261
32262
32326
32327
32394
32406
32409
32421
32423
32434
32465
32466
32469
32470
32484
32488
35795
35860
35954
36330
36478
36479
36631
36632
36656
36657
36660
36661
36703
36704
36782
36811
36844
36845
36867
36868
36947
37000
37029
37092
37105
37164
37183
37222
37292
37317
37331
37332
37333
37344
37345
37346
37352
37611
37635
37646
37721
37722
37724
37725
37726
37729
37730
37731
37819
37820
37883
37941
38096
38125
38142
38158
38273
38292
38387
38428
38485
38520
38542
38569
38586
38587
38591
38593
38625
38642
38658
38692
38701
38706
38712
38732
38735
38772
38781
38786
38792
38811
38812
38842
38843
38858
38861
38862
38864
38886
38901
38907
38910
38911
38928
38935
38980
38985
39008
39015
39026
39036
39058
39060
39089
39118
39145
39156
39175
39183
39188
39196
39204
39207
39266
39271
39278
39290
39291
39350
39372
39376
39383
39411
39414
39451
39458
39499
39511
39516
39574
39592
39600
39608
39632
39652
39674
39712
39713
39714
39731
39764
39777
39784
39785
39794
39795
39804
39805
39806
39807
39847
39859
39906
39907
39939
39996
39998
40000
40009
40035
40078
40081
40085
40091
40145
40214
40223
40226
40238
40250
40311
40335
40342
40343
40350
40363
40367
40377
40411
40449
40456
40457
40465
40466
40547
40560
40574
40580
40581
40679
40712
40732
40748
40771
41006
41073
41086
41112
41113
41144
41145
41189
41190
41197
41213
41214
41238
41313
41314
41334
41338
41345
41347
41398
41401
41406
41439
41440
41510
41551
41570
41599
41606
41697
41698
41699
41732
41757
41777
41778
41779
41853
42009
42242
43044
43068
43069
43070
43071
43072
43099
43100
43191
43204
43226
43338
43343
43375
43377
43380
43482
43483
43487
43598
43599
43709
43766
43767
43768
43774
43790
44036
44255
44256
44409
44506
45527
45675
45739
45772
45786
45809
45974
45975
45976
45978
46037
46039
46044
46060
46126
46128
46131
46148
46154
46158
46313
46328
46330
46331
46333
46335
46336
46389
46424
46585
46681
46695
46696
46800
46841
46860
46861
46862
46871
46878
46898
46911
46912
46913
47092
47131
47132
47208
47211
47223
47225
47227
47311
47615
47693
47694
47695
47752
47811
47812
47813
47814
47845
47904
47911
47955
47957
47966
47985
47987
47990
48001
48108
48173
48175
48178
48186
48305
48306
48307
48308
48309
48539
48562
48563
48586
48640
48661
48774
48787
48816
48874
48875
48876
48877
49001
49002
49030
49131
49132
49134
49259
49260
49261
49262
49320
49388
49499
49500
49501
49539
49540
49545
49546
49574
49575
49638
49695
49711
49712
49713
49715
49818
49889
49890
49897
49898
49899
49998
50044
50045
50059
50081
50088
50386
50489
50491
50492
50522
50525
50527
50634
50640
50689
50698
50732
50737
50739
50741
50743
50744
50745
50770
50826
51033
51034
51036
51132
51139
51140
51141
51142
51190
51192
51212
51213
51250
51256
51271
51272
51273
51299
51357
51358
51378
51379
51381
51401
51427
51444
51456
51457
51493
51640
51677
51808
51810
51817
51818
51819
51839
51840
51857
52134
52335
52336
52337
52338
52430
52434
52574
52601
52652
52754
52768
52793
52794
52867
52988
53000
53003
53004
53025
53043
53106
53124
53152
53153
53154
53155
53195
53205
53206
53207
53228
53229
53233
53234
53235
53236
53252
53253
53431
53560
53571
53578
53579
53599
53607
53614
53615
53620
53629
53650
54051
54052
54255
54317
54319
54326
54355
54357
54438
54446
54465
54552
54628
54650
54664
54665
54759
54760
54761
54802
54860
54895
55099
55100
55101
55102
55203
55337
55387
55400
55401
55402
55524
55543
55547
55566
55754
55774
55834
55847
55849
55850
55851
55858
55861
55911
55912
56135
56136
56137
56138
56184
56185
56186
56190
56194
56198
56252
56253
56254
56255
56437
56501
56502
56503
56504
56537
56621
56626
56660
56661
56670
56671
56726
56731
56732
56733
56734
56735
56736
56737
56738
56739
56740
57049
57050
57059
57062
57223
57321
57332
57359
57656
57661
57692
57695
57698
57720
57721
57749
57901
57902
57903
57905
57913
57946
58015
58094
58095
58111
58133
58233
58270
58271
58273
58297
58298
58330
58378
58414
58415
58416
58417
58418
58446
58500
58510
58550
58551
58656
58725
58747
58748
58749
58750
58751
58758
58775
58776
58796
58802
58907
58926
59023
59121
59137
59146
59166
59170
59172
59238
59239
59313
59383
59384
59386
59388
59461
59468
59534
59536
59566
59574
59575
59702
59703
59704
59766
59767
59803
59804
59840
59841
59842
59843
59844
59845
59859
59860
59865
59868
59895
60001
60007
60008
60015
60051
60053
60105
60106
60107
60189
60291
60292
60293
60298
60299
60328
60329
60330
60375
60376
60538
60539
60572
60588
60589
60645
60664
60665
60666
60667
60711
60767
60769
60770
60798
60803
60809
60810
60811
60813
60817
60869
60875
60898
60899
60900
61092
61093
61094
61144
61376
61377
61378
61397
61483
61511
61512
61517
61518
61519
61525
61526
61527
61528
61541
61542
61543
61544
61553
61559
61561
61586
61587
61588
61589
61590
61591
61622
61623
61624
61625
61626
61627
61648
61649
61668
61702
61768
61816
61817
62265
62571
62596
62655
62658
62659
62671
62682
62683
62806
62813
62814
62815
63016
63024
63207
63208
63291
63305
63312
63478
63479
63480
63514
63745
63805
63810
63888
63959
63962
63963
63969
63984
63995
64117
64151
64152
64153
64154
64155
64156
64157
64158
64159
64175
64188
64399
64412
64413
64417
64418
64419
64480
64481
64482
64500
64507
64559
64562
64563
64592
64692
64708
64709
64710
64839
64857
64860
64954
65037
65038
65056
65144
65170
85830
85831
85845
85850
85895
85946
86000
86030
86032
86125
86154
86179
86254
86255
86256
86314
86315
86338
86343
86432
86433
86434
86435
86436
86477
86519
86565
86568
86569
86588
86606
86621
86647
86648
86649
86767
86769
86786
86835
86853
86890
86892
86955
86956
86959
87015
87021
87263
87282
87283
87611
87615
87616
87640
87641
87653
87654
87695
87697
87709
87710
87716
87717
87718
87719
87768
87770
87771
87773
87819
87820
87834
87856
87862
87865
87934
87935
87936
87937
87941
87985
87995
87996
88021
88058
88059
88088
88089
88281
88337
88338
88346
88435
88463
88512
88515
88541
88589
88590
88591
88598
88599
88600
88601
88602
88646
88673
88674
89422
89443
89444
89570
89571
89572
89573
89621
89668
89669
89670
89707
90301
90359
90376
90380
90397
90398
90404
90406
90434
90435
90436
90447
90468
90473
90475
90549
90596
90597
90598
90599
90600
90601
90642
90644
90673
90674
90688
90709
90767
90813
90814
90815
90816
90876
90954
90992
90994
91004
91033
91124
91125
91126
91145
91184
91209
91262
91310
91324
91333
91334
91341
91343
91374
91387
91438
91453
91468
91516
91521
91551
91561
91565
91570
91573
91579
91673
91674
91675
91676
91677
91718
91739
91740
91741
91742
91801
91817
91831
91832
91834
91865
91955
91962
91967
92283
92319
92338
92381
92474
92520
92536
92541
92563
92564
92603
92604
92605
92606
92607
92608
92634
92635
92714
92715
92788
92789
92790
92795
92796
92855
92911
92912
93083
93096
93103
93104
93111
93119
93127
93128
93168
93282
93290
93319
93399
93461
93462
93463
93464
93466
93476
93499
93568
93569
93570
93599
93627
93705
93706
93740
93792
93834
93835
93836
93863
93868
93897
93899
93942
93967
94019
94161
94187
94260
94329
94402
94436
94501
94502
94503
94521
94644
94645
94647
94650
94651
94667
94819
94869
94870
94918
94985
94999
95011
95155
95227
95266
95295
95296
95309
95369
95379
95380
95429
95584
95586
95679
95699
95708
95709
95861
95863
95910
95912
95916
95944
95950
95975
95976
95977
95978
96022
96023
96024
96025
96026
96027
96028
96301
96331
96332
96333
96359
96402
96467
96471
96500
96501
96529
96551
96564
96593
96648
96649
96687
96968
96981
96982
97016
97162
97187
97188
97190
97246
97536
97753
97782
97783
97818
97864
97865
